4 5 6 7 8 9 1 2 3 
1 2 3 4 5 6 7 8 9 
7 8 9 1 2 3 4 5 6 
5 4 7 6 9 8 3 1 2 
3 1 2 5 4 7 6 9 8 
6 9 8 3 1 2 5 4 7 
8 6 4 9 7 5 2 3 1 
2 3 1 8 6 4 9 7 5 
9 7 5 2 3 1 8 6 4 

4 5 6 7 8 9 1 2 3 
1 2 3 4 5 6 7 8 9 
7 8 9 1 3 2 4 5 6 
5 4 7 6 9 8 3 1 2 
3 1 2 5 4 7 6 9 8 
6 9 8 2 1 3 5 4 7 
8 6 4 9 7 5 2 3 1 
2 3 1 8 6 4 9 7 5 
9 7 5 3 2 1 8 6 4 

4 5 6 7 8 9 1 2 3 
1 3 2 4 5 6 7 8 9 
7 8 9 1 2 3 4 5 6 
5 4 7 6 9 8 3 1 2 
2 1 3 5 4 7 6 9 8 
6 9 8 3 1 2 5 4 7 
8 6 4 9 7 5 2 3 1 
3 2 1 8 6 4 9 7 5 
9 7 5 2 3 1 8 6 4 

4 5 6 7 8 9 1 2 3 
1 3 2 4 5 6 7 8 9 
7 8 9 1 3 2 4 5 6 
5 4 7 6 9 8 3 1 2 
2 1 3 5 4 7 6 9 8 
6 9 8 2 1 3 5 4 7 
8 6 4 9 7 5 2 3 1 
3 2 1 8 6 4 9 7 5 
9 7 5 3 2 1 8 6 4 

4 5 6 7 8 9 1 3 2 
1 2 3 4 5 6 7 8 9 
7 8 9 1 2 3 4 5 6 
5 4 7 6 9 8 2 1 3 
3 1 2 5 4 7 6 9 8 
6 9 8 3 1 2 5 4 7 
8 6 4 9 7 5 3 2 1 
2 3 1 8 6 4 9 7 5 
9 7 5 2 3 1 8 6 4 

4 5 6 7 8 9 1 3 2 
1 2 3 4 5 6 7 8 9 
7 8 9 1 3 2 4 5 6 
5 4 7 6 9 8 2 1 3 
3 1 2 5 4 7 6 9 8 
6 9 8 2 1 3 5 4 7 
8 6 4 9 7 5 3 2 1 
2 3 1 8 6 4 9 7 5 
9 7 5 3 2 1 8 6 4 

4 5 6 7 8 9 1 3 2 
1 3 2 4 5 6 7 8 9 
7 8 9 1 2 3 4 5 6 
5 4 7 6 9 8 2 1 3 
2 1 3 5 4 7 6 9 8 
6 9 8 3 1 2 5 4 7 
8 6 4 9 7 5 3 2 1 
3 2 1 8 6 4 9 7 5 
9 7 5 2 3 1 8 6 4 

4 5 6 7 8 9 1 3 2 
1 3 2 4 5 6 7 8 9 
7 8 9 1 3 2 4 5 6 
5 4 7 6 9 8 2 1 3 
2 1 3 5 4 7 6 9 8 
6 9 8 2 1 3 5 4 7 
8 6 4 9 7 5 3 2 1 
3 2 1 8 6 4 9 7 5 
9 7 5 3 2 1 8 6 4 

4 5 6 7 8 9 1 2 3 
1 2 3 4 5 6 7 8 9 
7 8 9 1 2 3 4 5 6 
5 4 7 6 9 8 3 1 2 
3 1 2 5 4 7 6 9 8 
6 9 8 2 3 1 5 4 7 
8 6 4 9 7 5 2 3 1 
2 3 1 8 6 4 9 7 5 
9 7 5 3 1 2 8 6 4 

4 5 6 7 8 9 1 2 3 
1 2 3 4 5 6 7 8 9 
7 8 9 1 3 2 4 5 6 
5 4 7 6 9 8 3 1 2 
3 1 2 5 4 7 6 9 8 
6 9 8 3 2 1 5 4 7 
8 6 4 9 7 5 2 3 1 
2 3 1 8 6 4 9 7 5 
9 7 5 2 1 3 8 6 4 

4 5 6 7 8 9 1 2 3 
1 3 2 4 5 6 7 8 9 
7 8 9 1 2 3 4 5 6 
5 4 7 6 9 8 3 1 2 
2 1 3 5 4 7 6 9 8 
6 9 8 2 3 1 5 4 7 
8 6 4 9 7 5 2 3 1 
3 2 1 8 6 4 9 7 5 
9 7 5 3 1 2 8 6 4 

4 5 6 7 8 9 1 2 3 
1 3 2 4 5 6 7 8 9 
7 8 9 1 3 2 4 5 6 
5 4 7 6 9 8 3 1 2 
2 1 3 5 4 7 6 9 8 
6 9 8 3 2 1 5 4 7 
8 6 4 9 7 5 2 3 1 
3 2 1 8 6 4 9 7 5 
9 7 5 2 1 3 8 6 4 

4 5 6 7 8 9 1 3 2 
1 2 3 4 5 6 7 8 9 
7 8 9 1 2 3 4 5 6 
5 4 7 6 9 8 2 1 3 
3 1 2 5 4 7 6 9 8 
6 9 8 2 3 1 5 4 7 
8 6 4 9 7 5 3 2 1 
2 3 1 8 6 4 9 7 5 
9 7 5 3 1 2 8 6 4 

4 5 6 7 8 9 1 3 2 
1 2 3 4 5 6 7 8 9 
7 8 9 1 3 2 4 5 6 
5 4 7 6 9 8 2 1 3 
3 1 2 5 4 7 6 9 8 
6 9 8 3 2 1 5 4 7 
8 6 4 9 7 5 3 2 1 
2 3 1 8 6 4 9 7 5 
9 7 5 2 1 3 8 6 4 

4 5 6 7 8 9 1 3 2 
1 3 2 4 5 6 7 8 9 
7 8 9 1 2 3 4 5 6 
5 4 7 6 9 8 2 1 3 
2 1 3 5 4 7 6 9 8 
6 9 8 2 3 1 5 4 7 
8 6 4 9 7 5 3 2 1 
3 2 1 8 6 4 9 7 5 
9 7 5 3 1 2 8 6 4 

4 5 6 7 8 9 1 3 2 
1 3 2 4 5 6 7 8 9 
7 8 9 1 3 2 4 5 6 
5 4 7 6 9 8 2 1 3 
2 1 3 5 4 7 6 9 8 
6 9 8 3 2 1 5 4 7 
8 6 4 9 7 5 3 2 1 
3 2 1 8 6 4 9 7 5 
9 7 5 2 1 3 8 6 4 

4 5 6 7 8 9 1 2 3 
1 2 3 4 5 6 7 8 9 
7 8 9 1 2 3 4 5 6 
5 4 7 6 9 8 3 1 2 
2 3 1 5 4 7 6 9 8 
6 9 8 3 1 2 5 4 7 
8 6 4 9 7 5 2 3 1 
3 1 2 8 6 4 9 7 5 
9 7 5 2 3 1 8 6 4 

4 5 6 7 8 9 1 2 3 
1 2 3 4 5 6 7 8 9 
7 8 9 1 3 2 4 5 6 
5 4 7 6 9 8 3 1 2 
2 3 1 5 4 7 6 9 8 
6 9 8 2 1 3 5 4 7 
8 6 4 9 7 5 2 3 1 
3 1 2 8 6 4 9 7 5 
9 7 5 3 2 1 8 6 4 

4 5 6 7 8 9 1 2 3 
1 3 2 4 5 6 7 8 9 
7 8 9 1 2 3 4 5 6 
5 4 7 6 9 8 3 1 2 
3 2 1 5 4 7 6 9 8 
6 9 8 3 1 2 5 4 7 
8 6 4 9 7 5 2 3 1 
2 1 3 8 6 4 9 7 5 
9 7 5 2 3 1 8 6 4 

4 5 6 7 8 9 1 2 3 
1 3 2 4 5 6 7 8 9 
7 8 9 1 3 2 4 5 6 
5 4 7 6 9 8 3 1 2 
3 2 1 5 4 7 6 9 8 
6 9 8 2 1 3 5 4 7 
8 6 4 9 7 5 2 3 1 
2 1 3 8 6 4 9 7 5 
9 7 5 3 2 1 8 6 4 

4 5 6 7 8 9 1 3 2 
1 2 3 4 5 6 7 8 9 
7 8 9 1 2 3 4 5 6 
5 4 7 6 9 8 2 1 3 
2 3 1 5 4 7 6 9 8 
6 9 8 3 1 2 5 4 7 
8 6 4 9 7 5 3 2 1 
3 1 2 8 6 4 9 7 5 
9 7 5 2 3 1 8 6 4 

4 5 6 7 8 9 1 3 2 
1 2 3 4 5 6 7 8 9 
7 8 9 1 3 2 4 5 6 
5 4 7 6 9 8 2 1 3 
2 3 1 5 4 7 6 9 8 
6 9 8 2 1 3 5 4 7 
8 6 4 9 7 5 3 2 1 
3 1 2 8 6 4 9 7 5 
9 7 5 3 2 1 8 6 4 

4 5 6 7 8 9 1 3 2 
1 3 2 4 5 6 7 8 9 
7 8 9 1 2 3 4 5 6 
5 4 7 6 9 8 2 1 3 
3 2 1 5 4 7 6 9 8 
6 9 8 3 1 2 5 4 7 
8 6 4 9 7 5 3 2 1 
2 1 3 8 6 4 9 7 5 
9 7 5 2 3 1 8 6 4 

4 5 6 7 8 9 1 3 2 
1 3 2 4 5 6 7 8 9 
7 8 9 1 3 2 4 5 6 
5 4 7 6 9 8 2 1 3 
3 2 1 5 4 7 6 9 8 
6 9 8 2 1 3 5 4 7 
8 6 4 9 7 5 3 2 1 
2 1 3 8 6 4 9 7 5 
9 7 5 3 2 1 8 6 4 

4 5 6 7 8 9 1 2 3 
1 2 3 4 5 6 7 8 9 
7 8 9 1 2 3 4 5 6 
5 4 7 6 9 8 3 1 2 
2 3 1 5 4 7 6 9 8 
6 9 8 2 3 1 5 4 7 
8 6 4 9 7 5 2 3 1 
3 1 2 8 6 4 9 7 5 
9 7 5 3 1 2 8 6 4 

4 5 6 7 8 9 1 2 3 
1 2 3 4 5 6 7 8 9 
7 8 9 1 3 2 4 5 6 
5 4 7 6 9 8 3 1 2 
2 3 1 5 4 7 6 9 8 
6 9 8 3 2 1 5 4 7 
8 6 4 9 7 5 2 3 1 
3 1 2 8 6 4 9 7 5 
9 7 5 2 1 3 8 6 4 

4 5 6 7 8 9 1 2 3 
1 3 2 4 5 6 7 8 9 
7 8 9 1 2 3 4 5 6 
5 4 7 6 9 8 3 1 2 
3 2 1 5 4 7 6 9 8 
6 9 8 2 3 1 5 4 7 
8 6 4 9 7 5 2 3 1 
2 1 3 8 6 4 9 7 5 
9 7 5 3 1 2 8 6 4 

4 5 6 7 8 9 1 2 3 
1 3 2 4 5 6 7 8 9 
7 8 9 1 3 2 4 5 6 
5 4 7 6 9 8 3 1 2 
3 2 1 5 4 7 6 9 8 
6 9 8 3 2 1 5 4 7 
8 6 4 9 7 5 2 3 1 
2 1 3 8 6 4 9 7 5 
9 7 5 2 1 3 8 6 4 

4 5 6 7 8 9 1 3 2 
1 2 3 4 5 6 7 8 9 
7 8 9 1 2 3 4 5 6 
5 4 7 6 9 8 2 1 3 
2 3 1 5 4 7 6 9 8 
6 9 8 2 3 1 5 4 7 
8 6 4 9 7 5 3 2 1 
3 1 2 8 6 4 9 7 5 
9 7 5 3 1 2 8 6 4 

4 5 6 7 8 9 1 3 2 
1 2 3 4 5 6 7 8 9 
7 8 9 1 3 2 4 5 6 
5 4 7 6 9 8 2 1 3 
2 3 1 5 4 7 6 9 8 
6 9 8 3 2 1 5 4 7 
8 6 4 9 7 5 3 2 1 
3 1 2 8 6 4 9 7 5 
9 7 5 2 1 3 8 6 4 

4 5 6 7 8 9 1 3 2 
1 3 2 4 5 6 7 8 9 
7 8 9 1 2 3 4 5 6 
5 4 7 6 9 8 2 1 3 
3 2 1 5 4 7 6 9 8 
6 9 8 2 3 1 5 4 7 
8 6 4 9 7 5 3 2 1 
2 1 3 8 6 4 9 7 5 
9 7 5 3 1 2 8 6 4 

4 5 6 7 8 9 1 3 2 
1 3 2 4 5 6 7 8 9 
7 8 9 1 3 2 4 5 6 
5 4 7 6 9 8 2 1 3 
3 2 1 5 4 7 6 9 8 
6 9 8 3 2 1 5 4 7 
8 6 4 9 7 5 3 2 1 
2 1 3 8 6 4 9 7 5 
9 7 5 2 1 3 8 6 4 

4 5 6 7 8 9 1 2 3 
1 2 3 4 5 6 7 8 9 
7 8 9 1 2 3 4 5 6 
5 4 7 6 9 8 2 3 1 
3 1 2 5 4 7 6 9 8 
6 9 8 3 1 2 5 4 7 
8 6 4 9 7 5 3 1 2 
2 3 1 8 6 4 9 7 5 
9 7 5 2 3 1 8 6 4 

4 5 6 7 8 9 1 2 3 
1 2 3 4 5 6 7 8 9 
7 8 9 1 3 2 4 5 6 
5 4 7 6 9 8 2 3 1 
3 1 2 5 4 7 6 9 8 
6 9 8 2 1 3 5 4 7 
8 6 4 9 7 5 3 1 2 
2 3 1 8 6 4 9 7 5 
9 7 5 3 2 1 8 6 4 

4 5 6 7 8 9 1 2 3 
1 3 2 4 5 6 7 8 9 
7 8 9 1 2 3 4 5 6 
5 4 7 6 9 8 2 3 1 
2 1 3 5 4 7 6 9 8 
6 9 8 3 1 2 5 4 7 
8 6 4 9 7 5 3 1 2 
3 2 1 8 6 4 9 7 5 
9 7 5 2 3 1 8 6 4 

4 5 6 7 8 9 1 2 3 
1 3 2 4 5 6 7 8 9 
7 8 9 1 3 2 4 5 6 
5 4 7 6 9 8 2 3 1 
2 1 3 5 4 7 6 9 8 
6 9 8 2 1 3 5 4 7 
8 6 4 9 7 5 3 1 2 
3 2 1 8 6 4 9 7 5 
9 7 5 3 2 1 8 6 4 

4 5 6 7 8 9 1 3 2 
1 2 3 4 5 6 7 8 9 
7 8 9 1 2 3 4 5 6 
5 4 7 6 9 8 3 2 1 
3 1 2 5 4 7 6 9 8 
6 9 8 3 1 2 5 4 7 
8 6 4 9 7 5 2 1 3 
2 3 1 8 6 4 9 7 5 
9 7 5 2 3 1 8 6 4 

4 5 6 7 8 9 1 3 2 
1 2 3 4 5 6 7 8 9 
7 8 9 1 3 2 4 5 6 
5 4 7 6 9 8 3 2 1 
3 1 2 5 4 7 6 9 8 
6 9 8 2 1 3 5 4 7 
8 6 4 9 7 5 2 1 3 
2 3 1 8 6 4 9 7 5 
9 7 5 3 2 1 8 6 4 

4 5 6 7 8 9 1 3 2 
1 3 2 4 5 6 7 8 9 
7 8 9 1 2 3 4 5 6 
5 4 7 6 9 8 3 2 1 
2 1 3 5 4 7 6 9 8 
6 9 8 3 1 2 5 4 7 
8 6 4 9 7 5 2 1 3 
3 2 1 8 6 4 9 7 5 
9 7 5 2 3 1 8 6 4 

4 5 6 7 8 9 1 3 2 
1 3 2 4 5 6 7 8 9 
7 8 9 1 3 2 4 5 6 
5 4 7 6 9 8 3 2 1 
2 1 3 5 4 7 6 9 8 
6 9 8 2 1 3 5 4 7 
8 6 4 9 7 5 2 1 3 
3 2 1 8 6 4 9 7 5 
9 7 5 3 2 1 8 6 4 

4 5 6 7 8 9 1 2 3 
1 2 3 4 5 6 7 8 9 
7 8 9 1 2 3 4 5 6 
5 4 7 6 9 8 2 3 1 
3 1 2 5 4 7 6 9 8 
6 9 8 2 3 1 5 4 7 
8 6 4 9 7 5 3 1 2 
2 3 1 8 6 4 9 7 5 
9 7 5 3 1 2 8 6 4 

4 5 6 7 8 9 1 2 3 
1 2 3 4 5 6 7 8 9 
7 8 9 1 3 2 4 5 6 
5 4 7 6 9 8 2 3 1 
3 1 2 5 4 7 6 9 8 
6 9 8 3 2 1 5 4 7 
8 6 4 9 7 5 3 1 2 
2 3 1 8 6 4 9 7 5 
9 7 5 2 1 3 8 6 4 

4 5 6 7 8 9 1 2 3 
1 3 2 4 5 6 7 8 9 
7 8 9 1 2 3 4 5 6 
5 4 7 6 9 8 2 3 1 
2 1 3 5 4 7 6 9 8 
6 9 8 2 3 1 5 4 7 
8 6 4 9 7 5 3 1 2 
3 2 1 8 6 4 9 7 5 
9 7 5 3 1 2 8 6 4 

4 5 6 7 8 9 1 2 3 
1 3 2 4 5 6 7 8 9 
7 8 9 1 3 2 4 5 6 
5 4 7 6 9 8 2 3 1 
2 1 3 5 4 7 6 9 8 
6 9 8 3 2 1 5 4 7 
8 6 4 9 7 5 3 1 2 
3 2 1 8 6 4 9 7 5 
9 7 5 2 1 3 8 6 4 

4 5 6 7 8 9 1 3 2 
1 2 3 4 5 6 7 8 9 
7 8 9 1 2 3 4 5 6 
5 4 7 6 9 8 3 2 1 
3 1 2 5 4 7 6 9 8 
6 9 8 2 3 1 5 4 7 
8 6 4 9 7 5 2 1 3 
2 3 1 8 6 4 9 7 5 
9 7 5 3 1 2 8 6 4 

4 5 6 7 8 9 1 3 2 
1 2 3 4 5 6 7 8 9 
7 8 9 1 3 2 4 5 6 
5 4 7 6 9 8 3 2 1 
3 1 2 5 4 7 6 9 8 
6 9 8 3 2 1 5 4 7 
8 6 4 9 7 5 2 1 3 
2 3 1 8 6 4 9 7 5 
9 7 5 2 1 3 8 6 4 

4 5 6 7 8 9 1 3 2 
1 3 2 4 5 6 7 8 9 
7 8 9 1 2 3 4 5 6 
5 4 7 6 9 8 3 2 1 
2 1 3 5 4 7 6 9 8 
6 9 8 2 3 1 5 4 7 
8 6 4 9 7 5 2 1 3 
3 2 1 8 6 4 9 7 5 
9 7 5 3 1 2 8 6 4 

4 5 6 7 8 9 1 3 2 
1 3 2 4 5 6 7 8 9 
7 8 9 1 3 2 4 5 6 
5 4 7 6 9 8 3 2 1 
2 1 3 5 4 7 6 9 8 
6 9 8 3 2 1 5 4 7 
8 6 4 9 7 5 2 1 3 
3 2 1 8 6 4 9 7 5 
9 7 5 2 1 3 8 6 4 

4 5 6 7 8 9 1 2 3 
1 2 3 4 5 6 7 8 9 
7 8 9 1 2 3 4 5 6 
5 4 7 6 9 8 2 3 1 
2 3 1 5 4 7 6 9 8 
6 9 8 3 1 2 5 4 7 
8 6 4 9 7 5 3 1 2 
3 1 2 8 6 4 9 7 5 
9 7 5 2 3 1 8 6 4 

4 5 6 7 8 9 1 2 3 
1 2 3 4 5 6 7 8 9 
7 8 9 1 3 2 4 5 6 
5 4 7 6 9 8 2 3 1 
2 3 1 5 4 7 6 9 8 
6 9 8 2 1 3 5 4 7 
8 6 4 9 7 5 3 1 2 
3 1 2 8 6 4 9 7 5 
9 7 5 3 2 1 8 6 4 

4 5 6 7 8 9 1 2 3 
1 3 2 4 5 6 7 8 9 
7 8 9 1 2 3 4 5 6 
5 4 7 6 9 8 2 3 1 
3 2 1 5 4 7 6 9 8 
6 9 8 3 1 2 5 4 7 
8 6 4 9 7 5 3 1 2 
2 1 3 8 6 4 9 7 5 
9 7 5 2 3 1 8 6 4 

4 5 6 7 8 9 1 2 3 
1 3 2 4 5 6 7 8 9 
7 8 9 1 3 2 4 5 6 
5 4 7 6 9 8 2 3 1 
3 2 1 5 4 7 6 9 8 
6 9 8 2 1 3 5 4 7 
8 6 4 9 7 5 3 1 2 
2 1 3 8 6 4 9 7 5 
9 7 5 3 2 1 8 6 4 

4 5 6 7 8 9 1 3 2 
1 2 3 4 5 6 7 8 9 
7 8 9 1 2 3 4 5 6 
5 4 7 6 9 8 3 2 1 
2 3 1 5 4 7 6 9 8 
6 9 8 3 1 2 5 4 7 
8 6 4 9 7 5 2 1 3 
3 1 2 8 6 4 9 7 5 
9 7 5 2 3 1 8 6 4 

4 5 6 7 8 9 1 3 2 
1 2 3 4 5 6 7 8 9 
7 8 9 1 3 2 4 5 6 
5 4 7 6 9 8 3 2 1 
2 3 1 5 4 7 6 9 8 
6 9 8 2 1 3 5 4 7 
8 6 4 9 7 5 2 1 3 
3 1 2 8 6 4 9 7 5 
9 7 5 3 2 1 8 6 4 

4 5 6 7 8 9 1 3 2 
1 3 2 4 5 6 7 8 9 
7 8 9 1 2 3 4 5 6 
5 4 7 6 9 8 3 2 1 
3 2 1 5 4 7 6 9 8 
6 9 8 3 1 2 5 4 7 
8 6 4 9 7 5 2 1 3 
2 1 3 8 6 4 9 7 5 
9 7 5 2 3 1 8 6 4 

4 5 6 7 8 9 1 3 2 
1 3 2 4 5 6 7 8 9 
7 8 9 1 3 2 4 5 6 
5 4 7 6 9 8 3 2 1 
3 2 1 5 4 7 6 9 8 
6 9 8 2 1 3 5 4 7 
8 6 4 9 7 5 2 1 3 
2 1 3 8 6 4 9 7 5 
9 7 5 3 2 1 8 6 4 

4 5 6 7 8 9 1 2 3 
1 2 3 4 5 6 7 8 9 
7 8 9 1 2 3 4 5 6 
5 4 7 6 9 8 2 3 1 
2 3 1 5 4 7 6 9 8 
6 9 8 2 3 1 5 4 7 
8 6 4 9 7 5 3 1 2 
3 1 2 8 6 4 9 7 5 
9 7 5 3 1 2 8 6 4 

4 5 6 7 8 9 1 2 3 
1 2 3 4 5 6 7 8 9 
7 8 9 1 3 2 4 5 6 
5 4 7 6 9 8 2 3 1 
2 3 1 5 4 7 6 9 8 
6 9 8 3 2 1 5 4 7 
8 6 4 9 7 5 3 1 2 
3 1 2 8 6 4 9 7 5 
9 7 5 2 1 3 8 6 4 

4 5 6 7 8 9 1 2 3 
1 3 2 4 5 6 7 8 9 
7 8 9 1 2 3 4 5 6 
5 4 7 6 9 8 2 3 1 
3 2 1 5 4 7 6 9 8 
6 9 8 2 3 1 5 4 7 
8 6 4 9 7 5 3 1 2 
2 1 3 8 6 4 9 7 5 
9 7 5 3 1 2 8 6 4 

4 5 6 7 8 9 1 2 3 
1 3 2 4 5 6 7 8 9 
7 8 9 1 3 2 4 5 6 
5 4 7 6 9 8 2 3 1 
3 2 1 5 4 7 6 9 8 
6 9 8 3 2 1 5 4 7 
8 6 4 9 7 5 3 1 2 
2 1 3 8 6 4 9 7 5 
9 7 5 2 1 3 8 6 4 

4 5 6 7 8 9 1 3 2 
1 2 3 4 5 6 7 8 9 
7 8 9 1 2 3 4 5 6 
5 4 7 6 9 8 3 2 1 
2 3 1 5 4 7 6 9 8 
6 9 8 2 3 1 5 4 7 
8 6 4 9 7 5 2 1 3 
3 1 2 8 6 4 9 7 5 
9 7 5 3 1 2 8 6 4 

4 5 6 7 8 9 1 3 2 
1 2 3 4 5 6 7 8 9 
7 8 9 1 3 2 4 5 6 
5 4 7 6 9 8 3 2 1 
2 3 1 5 4 7 6 9 8 
6 9 8 3 2 1 5 4 7 
8 6 4 9 7 5 2 1 3 
3 1 2 8 6 4 9 7 5 
9 7 5 2 1 3 8 6 4 

4 5 6 7 8 9 1 3 2 
1 3 2 4 5 6 7 8 9 
7 8 9 1 2 3 4 5 6 
5 4 7 6 9 8 3 2 1 
3 2 1 5 4 7 6 9 8 
6 9 8 2 3 1 5 4 7 
8 6 4 9 7 5 2 1 3 
2 1 3 8 6 4 9 7 5 
9 7 5 3 1 2 8 6 4 

4 5 6 7 8 9 1 3 2 
1 3 2 4 5 6 7 8 9 
7 8 9 1 3 2 4 5 6 
5 4 7 6 9 8 3 2 1 
3 2 1 5 4 7 6 9 8 
6 9 8 3 2 1 5 4 7 
8 6 4 9 7 5 2 1 3 
2 1 3 8 6 4 9 7 5 
9 7 5 2 1 3 8 6 4 

4 5 6 7 8 9 1 2 3 
1 2 3 4 5 6 7 8 9 
7 8 9 2 1 3 4 5 6 
5 4 7 6 9 8 3 1 2 
3 1 2 5 4 7 6 9 8 
6 9 8 1 3 2 5 4 7 
8 6 4 9 7 5 2 3 1 
2 3 1 8 6 4 9 7 5 
9 7 5 3 2 1 8 6 4 

4 5 6 7 8 9 1 2 3 
1 2 3 4 5 6 7 8 9 
7 8 9 3 1 2 4 5 6 
5 4 7 6 9 8 3 1 2 
3 1 2 5 4 7 6 9 8 
6 9 8 1 2 3 5 4 7 
8 6 4 9 7 5 2 3 1 
2 3 1 8 6 4 9 7 5 
9 7 5 2 3 1 8 6 4 

4 5 6 7 8 9 1 2 3 
1 3 2 4 5 6 7 8 9 
7 8 9 2 1 3 4 5 6 
5 4 7 6 9 8 3 1 2 
2 1 3 5 4 7 6 9 8 
6 9 8 1 3 2 5 4 7 
8 6 4 9 7 5 2 3 1 
3 2 1 8 6 4 9 7 5 
9 7 5 3 2 1 8 6 4 

4 5 6 7 8 9 1 2 3 
1 3 2 4 5 6 7 8 9 
7 8 9 3 1 2 4 5 6 
5 4 7 6 9 8 3 1 2 
2 1 3 5 4 7 6 9 8 
6 9 8 1 2 3 5 4 7 
8 6 4 9 7 5 2 3 1 
3 2 1 8 6 4 9 7 5 
9 7 5 2 3 1 8 6 4 

4 5 6 7 8 9 1 3 2 
1 2 3 4 5 6 7 8 9 
7 8 9 2 1 3 4 5 6 
5 4 7 6 9 8 2 1 3 
3 1 2 5 4 7 6 9 8 
6 9 8 1 3 2 5 4 7 
8 6 4 9 7 5 3 2 1 
2 3 1 8 6 4 9 7 5 
9 7 5 3 2 1 8 6 4 

4 5 6 7 8 9 1 3 2 
1 2 3 4 5 6 7 8 9 
7 8 9 3 1 2 4 5 6 
5 4 7 6 9 8 2 1 3 
3 1 2 5 4 7 6 9 8 
6 9 8 1 2 3 5 4 7 
8 6 4 9 7 5 3 2 1 
2 3 1 8 6 4 9 7 5 
9 7 5 2 3 1 8 6 4 

4 5 6 7 8 9 1 3 2 
1 3 2 4 5 6 7 8 9 
7 8 9 2 1 3 4 5 6 
5 4 7 6 9 8 2 1 3 
2 1 3 5 4 7 6 9 8 
6 9 8 1 3 2 5 4 7 
8 6 4 9 7 5 3 2 1 
3 2 1 8 6 4 9 7 5 
9 7 5 3 2 1 8 6 4 

4 5 6 7 8 9 1 3 2 
1 3 2 4 5 6 7 8 9 
7 8 9 3 1 2 4 5 6 
5 4 7 6 9 8 2 1 3 
2 1 3 5 4 7 6 9 8 
6 9 8 1 2 3 5 4 7 
8 6 4 9 7 5 3 2 1 
3 2 1 8 6 4 9 7 5 
9 7 5 2 3 1 8 6 4 

4 5 6 7 8 9 1 2 3 
1 2 3 4 5 6 7 8 9 
7 8 9 2 1 3 4 5 6 
5 4 7 6 9 8 3 1 2 
3 1 2 5 4 7 6 9 8 
6 9 8 3 2 1 5 4 7 
8 6 4 9 7 5 2 3 1 
2 3 1 8 6 4 9 7 5 
9 7 5 1 3 2 8 6 4 

4 5 6 7 8 9 1 2 3 
1 2 3 4 5 6 7 8 9 
7 8 9 3 1 2 4 5 6 
5 4 7 6 9 8 3 1 2 
3 1 2 5 4 7 6 9 8 
6 9 8 2 3 1 5 4 7 
8 6 4 9 7 5 2 3 1 
2 3 1 8 6 4 9 7 5 
9 7 5 1 2 3 8 6 4 

4 5 6 7 8 9 1 2 3 
1 3 2 4 5 6 7 8 9 
7 8 9 2 1 3 4 5 6 
5 4 7 6 9 8 3 1 2 
2 1 3 5 4 7 6 9 8 
6 9 8 3 2 1 5 4 7 
8 6 4 9 7 5 2 3 1 
3 2 1 8 6 4 9 7 5 
9 7 5 1 3 2 8 6 4 

4 5 6 7 8 9 1 2 3 
1 3 2 4 5 6 7 8 9 
7 8 9 3 1 2 4 5 6 
5 4 7 6 9 8 3 1 2 
2 1 3 5 4 7 6 9 8 
6 9 8 2 3 1 5 4 7 
8 6 4 9 7 5 2 3 1 
3 2 1 8 6 4 9 7 5 
9 7 5 1 2 3 8 6 4 

4 5 6 7 8 9 1 3 2 
1 2 3 4 5 6 7 8 9 
7 8 9 2 1 3 4 5 6 
5 4 7 6 9 8 2 1 3 
3 1 2 5 4 7 6 9 8 
6 9 8 3 2 1 5 4 7 
8 6 4 9 7 5 3 2 1 
2 3 1 8 6 4 9 7 5 
9 7 5 1 3 2 8 6 4 

4 5 6 7 8 9 1 3 2 
1 2 3 4 5 6 7 8 9 
7 8 9 3 1 2 4 5 6 
5 4 7 6 9 8 2 1 3 
3 1 2 5 4 7 6 9 8 
6 9 8 2 3 1 5 4 7 
8 6 4 9 7 5 3 2 1 
2 3 1 8 6 4 9 7 5 
9 7 5 1 2 3 8 6 4 

4 5 6 7 8 9 1 3 2 
1 3 2 4 5 6 7 8 9 
7 8 9 2 1 3 4 5 6 
5 4 7 6 9 8 2 1 3 
2 1 3 5 4 7 6 9 8 
6 9 8 3 2 1 5 4 7 
8 6 4 9 7 5 3 2 1 
3 2 1 8 6 4 9 7 5 
9 7 5 1 3 2 8 6 4 

4 5 6 7 8 9 1 3 2 
1 3 2 4 5 6 7 8 9 
7 8 9 3 1 2 4 5 6 
5 4 7 6 9 8 2 1 3 
2 1 3 5 4 7 6 9 8 
6 9 8 2 3 1 5 4 7 
8 6 4 9 7 5 3 2 1 
3 2 1 8 6 4 9 7 5 
9 7 5 1 2 3 8 6 4 

4 5 6 7 8 9 1 2 3 
1 2 3 4 5 6 7 8 9 
7 8 9 2 1 3 4 5 6 
5 4 7 6 9 8 3 1 2 
2 3 1 5 4 7 6 9 8 
6 9 8 1 3 2 5 4 7 
8 6 4 9 7 5 2 3 1 
3 1 2 8 6 4 9 7 5 
9 7 5 3 2 1 8 6 4 

4 5 6 7 8 9 1 2 3 
1 2 3 4 5 6 7 8 9 
7 8 9 3 1 2 4 5 6 
5 4 7 6 9 8 3 1 2 
2 3 1 5 4 7 6 9 8 
6 9 8 1 2 3 5 4 7 
8 6 4 9 7 5 2 3 1 
3 1 2 8 6 4 9 7 5 
9 7 5 2 3 1 8 6 4 

4 5 6 7 8 9 1 2 3 
1 3 2 4 5 6 7 8 9 
7 8 9 2 1 3 4 5 6 
5 4 7 6 9 8 3 1 2 
3 2 1 5 4 7 6 9 8 
6 9 8 1 3 2 5 4 7 
8 6 4 9 7 5 2 3 1 
2 1 3 8 6 4 9 7 5 
9 7 5 3 2 1 8 6 4 

4 5 6 7 8 9 1 2 3 
1 3 2 4 5 6 7 8 9 
7 8 9 3 1 2 4 5 6 
5 4 7 6 9 8 3 1 2 
3 2 1 5 4 7 6 9 8 
6 9 8 1 2 3 5 4 7 
8 6 4 9 7 5 2 3 1 
2 1 3 8 6 4 9 7 5 
9 7 5 2 3 1 8 6 4 

4 5 6 7 8 9 1 3 2 
1 2 3 4 5 6 7 8 9 
7 8 9 2 1 3 4 5 6 
5 4 7 6 9 8 2 1 3 
2 3 1 5 4 7 6 9 8 
6 9 8 1 3 2 5 4 7 
8 6 4 9 7 5 3 2 1 
3 1 2 8 6 4 9 7 5 
9 7 5 3 2 1 8 6 4 

4 5 6 7 8 9 1 3 2 
1 2 3 4 5 6 7 8 9 
7 8 9 3 1 2 4 5 6 
5 4 7 6 9 8 2 1 3 
2 3 1 5 4 7 6 9 8 
6 9 8 1 2 3 5 4 7 
8 6 4 9 7 5 3 2 1 
3 1 2 8 6 4 9 7 5 
9 7 5 2 3 1 8 6 4 

4 5 6 7 8 9 1 3 2 
1 3 2 4 5 6 7 8 9 
7 8 9 2 1 3 4 5 6 
5 4 7 6 9 8 2 1 3 
3 2 1 5 4 7 6 9 8 
6 9 8 1 3 2 5 4 7 
8 6 4 9 7 5 3 2 1 
2 1 3 8 6 4 9 7 5 
9 7 5 3 2 1 8 6 4 

4 5 6 7 8 9 1 3 2 
1 3 2 4 5 6 7 8 9 
7 8 9 3 1 2 4 5 6 
5 4 7 6 9 8 2 1 3 
3 2 1 5 4 7 6 9 8 
6 9 8 1 2 3 5 4 7 
8 6 4 9 7 5 3 2 1 
2 1 3 8 6 4 9 7 5 
9 7 5 2 3 1 8 6 4 

4 5 6 7 8 9 1 2 3 
1 2 3 4 5 6 7 8 9 
7 8 9 2 1 3 4 5 6 
5 4 7 6 9 8 3 1 2 
2 3 1 5 4 7 6 9 8 
6 9 8 3 2 1 5 4 7 
8 6 4 9 7 5 2 3 1 
3 1 2 8 6 4 9 7 5 
9 7 5 1 3 2 8 6 4 

4 5 6 7 8 9 1 2 3 
1 2 3 4 5 6 7 8 9 
7 8 9 3 1 2 4 5 6 
5 4 7 6 9 8 3 1 2 
2 3 1 5 4 7 6 9 8 
6 9 8 2 3 1 5 4 7 
8 6 4 9 7 5 2 3 1 
3 1 2 8 6 4 9 7 5 
9 7 5 1 2 3 8 6 4 

4 5 6 7 8 9 1 2 3 
1 3 2 4 5 6 7 8 9 
7 8 9 2 1 3 4 5 6 
5 4 7 6 9 8 3 1 2 
3 2 1 5 4 7 6 9 8 
6 9 8 3 2 1 5 4 7 
8 6 4 9 7 5 2 3 1 
2 1 3 8 6 4 9 7 5 
9 7 5 1 3 2 8 6 4 

4 5 6 7 8 9 1 2 3 
1 3 2 4 5 6 7 8 9 
7 8 9 3 1 2 4 5 6 
5 4 7 6 9 8 3 1 2 
3 2 1 5 4 7 6 9 8 
6 9 8 2 3 1 5 4 7 
8 6 4 9 7 5 2 3 1 
2 1 3 8 6 4 9 7 5 
9 7 5 1 2 3 8 6 4 

4 5 6 7 8 9 1 3 2 
1 2 3 4 5 6 7 8 9 
7 8 9 2 1 3 4 5 6 
5 4 7 6 9 8 2 1 3 
2 3 1 5 4 7 6 9 8 
6 9 8 3 2 1 5 4 7 
8 6 4 9 7 5 3 2 1 
3 1 2 8 6 4 9 7 5 
9 7 5 1 3 2 8 6 4 

4 5 6 7 8 9 1 3 2 
1 2 3 4 5 6 7 8 9 
7 8 9 3 1 2 4 5 6 
5 4 7 6 9 8 2 1 3 
2 3 1 5 4 7 6 9 8 
6 9 8 2 3 1 5 4 7 
8 6 4 9 7 5 3 2 1 
3 1 2 8 6 4 9 7 5 
9 7 5 1 2 3 8 6 4 

4 5 6 7 8 9 1 3 2 
1 3 2 4 5 6 7 8 9 
7 8 9 2 1 3 4 5 6 
5 4 7 6 9 8 2 1 3 
3 2 1 5 4 7 6 9 8 
6 9 8 3 2 1 5 4 7 
8 6 4 9 7 5 3 2 1 
2 1 3 8 6 4 9 7 5 
9 7 5 1 3 2 8 6 4 

4 5 6 7 8 9 1 3 2 
1 3 2 4 5 6 7 8 9 
7 8 9 3 1 2 4 5 6 
5 4 7 6 9 8 2 1 3 
3 2 1 5 4 7 6 9 8 
6 9 8 2 3 1 5 4 7 
8 6 4 9 7 5 3 2 1 
2 1 3 8 6 4 9 7 5 
9 7 5 1 2 3 8 6 4 

4 5 6 7 8 9 1 2 3 
1 2 3 4 5 6 7 8 9 
7 8 9 2 1 3 4 5 6 
5 4 7 6 9 8 2 3 1 
3 1 2 5 4 7 6 9 8 
6 9 8 1 3 2 5 4 7 
8 6 4 9 7 5 3 1 2 
2 3 1 8 6 4 9 7 5 
9 7 5 3 2 1 8 6 4 

4 5 6 7 8 9 1 2 3 
1 2 3 4 5 6 7 8 9 
7 8 9 3 1 2 4 5 6 
5 4 7 6 9 8 2 3 1 
3 1 2 5 4 7 6 9 8 
6 9 8 1 2 3 5 4 7 
8 6 4 9 7 5 3 1 2 
2 3 1 8 6 4 9 7 5 
9 7 5 2 3 1 8 6 4 

4 5 6 7 8 9 1 2 3 
1 3 2 4 5 6 7 8 9 
7 8 9 2 1 3 4 5 6 
5 4 7 6 9 8 2 3 1 
2 1 3 5 4 7 6 9 8 
6 9 8 1 3 2 5 4 7 
8 6 4 9 7 5 3 1 2 
3 2 1 8 6 4 9 7 5 
9 7 5 3 2 1 8 6 4 

4 5 6 7 8 9 1 2 3 
1 3 2 4 5 6 7 8 9 
7 8 9 3 1 2 4 5 6 
5 4 7 6 9 8 2 3 1 
2 1 3 5 4 7 6 9 8 
6 9 8 1 2 3 5 4 7 
8 6 4 9 7 5 3 1 2 
3 2 1 8 6 4 9 7 5 
9 7 5 2 3 1 8 6 4 

